2012/12/30 13:56:01.00000000   -6101.275809   -1448.082255    3178.779768  -3.5538524347   0.3674674834  -6.6304281553
2012/12/30 14:06:01.00000000   -6873.016573    -953.656689   -1166.262486   1.0695290179   1.2233682442  -7.3499164077
2012/12/30 14:16:01.00000000   -4907.014971     -79.223620   -5046.498331   5.2542847806   1.5904807307  -5.1381198651
2012/12/30 14:26:01.00000000    -993.455388     826.917674   -6920.534629   7.3412228453   1.3262921633  -0.8957761506
2012/12/30 14:36:01.00000000    3313.359731    1406.018377   -6050.246633   6.5214767218   0.5375165670   3.6981394087
2012/12/30 14:46:01.00000000    6306.804016    1428.087371   -2777.772836   3.1099847553  -0.4672985775   6.8356161142
2012/12/30 14:56:01.00000000    6791.111368     882.172700    1601.271055  -1.5536716032  -1.2898371505   7.2549041686
2012/12/30 15:06:01.00000000    4567.299372     -15.530394    5339.863185  -5.6016379402  -1.5988066235   4.7746173733
2012/12/30 15:16:01.00000000     522.806205    -907.178609    6944.984128  -7.4132266337  -1.2706059019   0.3911557577
2012/12/30 15:26:01.00000000   -3729.890929   -1437.647307    5777.754715  -6.2719350868  -0.4363001330  -4.1477818024
2012/12/30 15:36:01.00000000   -6495.911218   -1395.189052    2302.516361  -2.6279974732   0.5731515381  -7.0346936730
2012/12/30 15:46:01.00000000   -6671.120304    -796.241422   -2093.495473   2.0624978331   1.3539289790  -7.1099231955
2012/12/30 15:56:01.00000000   -4190.689493     119.863509   -5655.156893   5.9172465607   1.5942154281  -4.3538941626
2012/12/30 16:06:01.00000000     -48.325912     988.728060   -6970.344422   7.4156084225   1.2026554026   0.1190801968
2012/12/30 16:16:01.00000000    4113.146186    1466.552829   -5521.695217   5.9786150229   0.3349680881   4.5453841700
2012/12/30 16:26:01.00000000    6643.085078    1362.949940   -1879.250267   2.1604851310  -0.6692170231   7.1781756108
2012/12/30 16:36:01.00000000    6528.193951     716.853288    2512.147828  -2.5317426436  -1.4101100201   6.9515533046
2012/12/30 16:46:01.00000000    3809.670593    -215.161788    5899.014760  -6.2153233986  -1.5889739261   3.9466455129
2012/12/30 16:56:01.00000000    -427.202545   -1061.559579    6929.535001  -7.4189125970  -1.1348183249  -0.6300143879
2012/12/30 17:06:01.00000000   -4493.862771   -1485.238856    5193.707527  -5.6671904432  -0.2283617621  -4.9564111788
2012/12/30 17:16:01.00000000   -6768.824091   -1316.836927    1382.491646  -1.6527551411   0.7703880229  -7.3066720559
2012/12/30 17:26:01.00000000   -6344.399651    -623.226986   -2981.799510   3.0161847615   1.4612994333  -6.7364565105
2012/12/30 17:36:01.00000000   -3396.219777     318.527070   -6158.283126   6.4695919237   1.5696034273  -3.4886126948
2012/12/30 17:46:01.00000000     897.896812    1134.368942   -6890.041095   7.3523343001   1.0565953745   1.1323243195
2012/12/30 17:56:01.00000000    4836.526509    1501.483718   -4889.481414   5.3237714909   0.1244803141   5.3087882865
2012/12/30 18:06:01.00000000    6855.205069    1272.841314    -944.881037   1.1696200665  -0.8610543807   7.3861558149
2012/12/30 18:16:01.00000000    6142.936157     537.258536    3376.192019  -3.4624621949  -1.5060791770   6.5170321700
2012/12/30 18:26:01.00000000    2980.704442    -412.626105    6347.463111  -6.7124802187  -1.5505634484   3.0442869024
2012/12/30 18:36:01.00000000   -1369.228456   -1198.206888    6783.829757  -7.2858044070  -0.9775140448  -1.6398643866
2012/12/30 18:46:01.00000000   -5173.636600   -1506.566416    4511.670334  -4.9559915326  -0.0145025067  -5.6722960635
2012/12/30 18:56:01.00000000   -6914.823324   -1214.176023     436.126017  -0.6467752795   0.9553974961  -7.4409421237
2012/12/30 19:06:01.00000000   -5899.129985    -437.604802   -3814.312745   3.9124217384   1.5432638937  -6.2366509094
2012/12/30 19:16:01.00000000   -2538.732234     513.128293   -6546.373441   6.9009859013   1.5167745896  -2.5586791921
2012/12/30 19:26:01.00000000    1827.191780    1260.964313   -6681.118617   7.1523495741   0.8904387226   2.1247813635
2012/12/30 19:36:01.00000000    5469.522938    1509.813059   -4165.671855   4.5691103502  -0.0901889284   5.9734713093
2012/12/30 19:46:01.00000000    6938.888743    1159.096757       7.251394   0.1564904043  -1.0390988966   7.4552168828
2012/12/30 19:56:01.00000000    5642.652474     346.527518    4176.605189  -4.3278120856  -1.5756576378   5.9598253798
2012/12/30 20:06:01.00000000    2096.218941    -604.237418    6676.490376  -7.0836928093  -1.4838817322   2.0849855270
2012/12/30 20:16:01.00000000   -2285.333015   -1314.358278    6510.568741  -7.0163757133  -0.8013239108  -2.6190430117
2012/12/30 20:26:01.00000000   -5756.231267   -1500.876249    3744.703746  -4.1518940038   0.2014214865  -6.2815021561
2012/12/30 20:36:01.00000000   -6931.171466   -1088.767927    -518.367702   0.3706092151   1.1245672724  -7.4349544803
2012/12/30 20:46:01.00000000   -5343.872776    -242.654711   -4575.118129   4.7342997750   1.5979976614  -5.6204102820
2012/12/30 20:56:01.00000000   -1634.373283     700.065516   -6812.063696   7.2037284329   1.4364466025  -1.5816016995
2012/12/30 21:06:01.00000000    2722.191726    1365.983383   -6347.345325   6.8194131806   0.7069333461   3.0779917818
2012/12/30 21:16:01.00000000    6000.242327    1491.056004   -3363.702708   3.7286686689  -0.3051777487   6.5267076523
2012/12/30 21:26:01.00000000    6892.604922    1023.498757     959.243671  -0.8595931710  -1.1999363685   7.3838227357
2012/12/30 21:36:01.00000000    5036.986973     147.957185    4898.328360  -5.1112148910  -1.6173972619   5.2905874766
2012/12/30 21:46:01.00000000    1173.214026    -786.602175    6880.078743  -7.3218670545  -1.3900744192   1.0871251729
2012/12/30 21:56:01.00000000   -3157.865865   -1407.944158    6115.284325  -6.6156725959  -0.6093585606  -3.5486228080
2012/12/30 22:06:01.00000000   -6230.419762   -1468.330235    2907.982059  -3.2706030035   0.4153067282  -6.7720024352
2012/12/30 22:16:01.00000000   -6817.822164    -943.101037   -1462.155719   1.3792172518   1.2745983947  -7.2890619146
2012/12/30 22:26:01.00000000   -4689.779142     -42.141608   -5249.454477   5.4661442602   1.6246800962  -4.9002365971
2012/12/30 22:36:01.00000000    -700.787857     875.837662   -6950.303872   7.3724109946   1.3302283484  -0.5761460404
2012/12/30 22:46:01.00000000    3565.580392    1447.482882   -5895.104415   6.3599567467   0.5095134075   3.9738363353
2012/12/30 22:56:01.00000000    6418.344296    1445.582703   -2498.910189   2.8185301524  -0.5164546443   6.9578776282
2012/12/30 23:06:01.00000000    6717.069115     868.637586    1892.919683  -1.8592237899  -1.3404938678   7.1735609139
2012/12/30 23:16:01.00000000    4337.143920     -54.692271    5527.727528  -5.7983812622  -1.6306130191   4.5221853727
2012/12/30 23:26:01.00000000     228.463934    -956.328058    6954.253719  -7.4231745830  -1.2709417279   0.0688433783
2012/12/30 23:36:01.00000000   -3971.191464   -1477.192181    5604.757881  -6.0911767924  -0.4050591991  -4.4120259698
2012/12/30 23:46:01.00000000   -6587.868488   -1409.367449    2016.164444  -2.3282270473   0.6235102067  -7.1350404430
2012/12/30 23:56:01.00000000   -6577.189703    -779.493771   -2378.737826   2.3606480439   1.4030842103  -7.0062054010
2012/12/31 00:06:01.00000000   -3948.965456     160.765470   -5825.808204   6.0949627640   1.6228648342  -4.0891148250
2012/12/31 00:16:01.00000000     244.925826    1037.610611   -6959.209879   7.4039461846   1.1997011126   0.4395800270
2012/12/31 00:26:01.00000000    4341.807690    1504.103717   -5333.243045   5.7821617180   0.3013739760   4.7957471274
2012/12/31 00:36:01.00000000    6716.082675    1374.162372   -1587.933981   1.8558080086  -0.7203859529   7.2585664903
2012/12/31 00:46:01.00000000    6415.911588     697.174243    2790.252830  -2.8230520180  -1.4582959060   6.8285243138
2012/12/31 00:56:01.00000000    3556.856752    -257.862236    6052.752376  -6.3762238839  -1.6148932012   3.6696500010
2012/12/31 01:06:01.00000000    -719.682284   -1110.270555    6897.727893  -7.3857557799  -1.1282397858  -0.9501595165
2012/12/31 01:16:01.00000000   -4709.521451   -1520.558257    4989.077146  -5.4530741569  -0.1918314308  -5.1923382898
2012/12/31 01:26:01.00000000   -6821.686304   -1324.673292    1086.792610  -1.3432041608   0.8222589600  -7.3636473851
2012/12/31 01:36:01.00000000   -6213.932934    -600.533136   -3250.326305   3.2964496175   1.5076592481  -6.5923817056
2012/12/31 01:46:01.00000000   -3135.236930     362.637485   -6293.137379   6.6097205039   1.5922428166  -3.2026747590
2012/12/31 01:56:01.00000000    1185.615449    1182.448341   -6838.351478   7.2983993844   1.0467267690   1.4470456497
2012/12/31 02:06:01.00000000    5037.010656    1534.481558   -4671.671165   5.0966223456   0.0857224879   5.5288203049
2012/12/31 02:16:01.00000000    6888.309854    1277.482345    -647.084208   0.8580225530  -0.9135418010   7.4231872980
2012/12/31 02:26:01.00000000    5994.848568     511.561065    3635.151100  -3.7336707229  -1.5511759510   6.3549958995
2012/12/31 02:36:01.00000000    2710.439683    -458.441204    6464.075310  -6.8344645050  -1.5702210067   2.7484123048
2012/12/31 02:46:01.00000000   -1653.943309   -1245.922954    6711.711185  -7.2103547850  -0.9639506488  -1.9513723520
2012/12/31 02:56:01.00000000   -5359.416007   -1537.165770    4279.660531  -4.7130493909   0.0270190248  -5.8752174664
2012/12/31 03:06:01.00000000   -6927.747108   -1215.453410     137.060026  -0.3337486832   1.0081787461  -7.4537628656
2012/12/31 03:16:01.00000000   -5734.851906    -409.163675   -4060.942690   4.1696405576   1.5861585013  -6.0555024339
2012/12/31 03:26:01.00000000   -2263.427948     559.933049   -6642.996903   7.0014766756   1.5330274959  -2.2570917580
2012/12/31 03:36:01.00000000    2104.272485    1307.607258   -6589.868390   7.0576026390   0.8736395116   2.4281908298
2012/12/31 03:46:01.00000000    5638.482042    1537.727777   -3922.349056   4.3154991425  -0.1337472132   6.1594455601
2012/12/31 03:56:01.00000000    6931.803165    1156.946240     306.344806  -0.1564136904  -1.0922642314   7.4483385206
2012/12/31 04:06:01.00000000    5461.672856     314.996551    4411.988476  -4.5742135481  -1.6169962034   5.7617318028
2012/12/31 04:16:01.00000000    1813.481183    -652.649613    6754.081790  -7.1648023793  -1.4968861978   1.7754408790
2012/12/31 04:26:01.00000000   -2557.176686   -1360.428732    6399.536173  -6.9002120788  -0.7807374322  -2.9165091572
2012/12/31 04:36:01.00000000   -5908.913497   -1526.236364    3489.428681  -3.8846036869   0.2474581575  -6.4480676135
2012/12/31 04:46:01.00000000   -6904.075567   -1083.357897    -815.689024   0.6815298203   1.1775177917  -7.4037786916
2012/12/31 04:56:01.00000000   -5148.716459    -208.736915   -4795.873879   4.9643544559   1.6368351991  -5.4055478109
2012/12/31 05:06:01.00000000   -1349.388600     749.003393   -6869.083336   7.2631478656   1.4459680622  -1.2694167460
2012/12/31 05:16:01.00000000    2984.067417    1410.549360   -6218.270246   6.6855095257   0.6832965980   3.3650926939
2012/12/31 05:26:01.00000000    6134.936693    1513.438750   -3099.147124   3.4528690661  -0.3530076583   6.6754572042
2012/12/31 05:36:01.00000000    6845.589224    1014.530430    1254.392735  -1.1684200478  -1.2529350921   7.3331794636
2012/12/31 05:46:01.00000000    4826.334686     111.080657    5106.046356  -5.3287335667  -1.6541850705   5.0599741705
2012/12/31 05:56:01.00000000     882.816437    -836.753555    6917.285030  -7.3610095633  -1.3960039358   0.7691052612
2012/12/31 06:06:01.00000000   -3412.363800   -1451.413836    5967.074277  -6.4609460395  -0.5818798957  -3.8272796278
2012/12/31 06:16:01.00000000   -6347.574970   -1487.714983    2633.441023  -2.9834251166   0.4653107871  -6.8996847636
2012/12/31 06:26:01.00000000   -6751.183289    -930.660692   -1753.182410   1.6832058484   1.3269683055  -7.2146146528
2012/12/31 06:36:01.00000000   -4466.748606      -2.904323   -5441.054155   5.6656364072   1.6585759163  -4.6550223118
2012/12/31 06:46:01.00000000    -410.443287     926.274403   -6966.965455   7.3898880865   1.3324016224  -0.2581651631
2012/12/31 06:56:01.00000000    3808.257635    1489.121313   -5730.338286   6.1888504113   0.4789625410   4.2400456071
2012/12/31 07:06:01.00000000    6516.719069    1461.740828   -2217.526207   2.5249307780  -0.5679454922   7.0666862707
2012/12/31 07:16:01.00000000    6631.102847     852.660355    2179.048002  -2.1586176248  -1.3923454755   7.0797865140
2012/12/31 07:26:01.00000000    4100.705353     -96.512858    5704.143146  -5.9830859369  -1.6619123880   4.2630390816
2012/12/31 07:36:01.00000000     -64.229521   -1007.329345    6950.464208  -7.4195601230  -1.2691975180  -0.2518736285
2012/12/31 07:46:01.00000000   -4203.582116   -1517.035263    5422.158693  -5.9006098947  -0.3708511827  -4.6667313616
2012/12/31 07:56:01.00000000   -6667.180278   -1422.075576    1727.467898  -2.0262781492   0.6765787835  -7.2215586584
2012/12/31 08:06:01.00000000   -6471.886729    -759.978085   -2658.128066   2.6525947969   1.4536812081  -6.8899182208
2012/12/31 08:16:01.00000000   -3701.517725     204.681143   -5984.687781   6.2607064154   1.6508424223  -3.8178263182
2012/12/31 08:26:01.00000000     536.131365    1088.492894   -6934.884432   7.3792237621   1.1941346203   0.7581679518
2012/12/31 08:36:01.00000000    4561.487646    1541.728991   -5135.139618   5.5763772335   0.2642121178   5.0365807328
2012/12/31 08:46:01.00000000    6776.565940    1383.410412   -1294.176316   1.5491232169  -0.7745396135   7.3252304477
2012/12/31 08:56:01.00000000    6292.454364     674.225487    3062.613606  -3.1080032288  -1.5077019378   6.6928987289
2012/12/31 09:06:01.00000000    3298.636539    -303.862742    6194.836351  -6.5249208980  -1.6396560471   3.3862267426
2012/12/31 09:16:01.00000000   -1009.676694   -1160.958934    6852.949836  -7.3393879918  -1.1185884311  -1.2681567448
2012/12/31 09:26:01.00000000   -4915.757928   -1555.739781    4775.128988  -5.2297322513  -0.1515607214  -5.4186910299
2012/12/31 09:36:01.00000000   -6861.667157   -1330.299798     788.888586  -1.0316796854   0.8770707843  -7.4073269657
2012/12/31 09:46:01.00000000   -6071.732599    -574.388411   -3513.172370   3.5710210278   1.5550883490  -6.4360804782
2012/12/31 09:56:01.00000000   -2867.826731     410.123644   -6416.417304   6.7383838727   1.6135355696  -2.9099859612
2012/12/31 10:06:01.00000000    1472.153581    1232.453624   -6773.441757   7.2313863833   1.0335073889   1.7602974315
2012/12/31 10:16:01.00000000    5229.203804    1567.108192   -4444.029035   4.8596802198   0.0429745312   5.7392745729
2012/12/31 10:26:01.00000000    6909.400361    1279.638884    -346.861588   0.5443428268  -0.9688108344   7.4460125058
2012/12/31 10:36:01.00000000    5836.180824     482.395599    3888.134433  -3.9981859506  -1.5966697791   6.1802184343
2012/12/31 10:46:01.00000000    2435.580509    -507.221605    6568.909767  -6.9439726776  -1.5878902187   2.4466121626
2012/12/31 10:56:01.00000000   -1935.354222   -1294.900787    6626.865483  -7.1219485549  -0.9469252072  -2.2601320871
2012/12/31 11:06:01.00000000   -5535.198052   -1566.872734    4038.860908  -4.4614360283   0.0720397658  -6.0682130733
2012/12/31 11:16:01.00000000   -6927.592072   -1214.036164    -163.625912  -0.0193308670   1.0632791407  -7.4534128484
2012/12/31 11:26:01.00000000   -5558.948239    -377.242981   -4301.444750   4.4206918346   1.6292360903  -5.8624508027
2012/12/31 11:36:01.00000000   -1982.093345     609.630682   -6727.893087   7.0900414364   1.5472099141  -1.9494217863
2012/12/31 11:46:01.00000000    2379.575491    1355.402168   -6485.749971   6.9496119328   0.8532768045   2.7291364736
2012/12/31 11:56:01.00000000    5798.634972    1564.562636   -3670.206517   4.0526269824  -0.1808649555   6.3347325259
2012/12/31 12:06:01.00000000    6912.783356    1152.042446     606.342767  -0.4699598729  -1.1472042328   7.4268171221
2012/12/31 12:16:01.00000000    5271.178942     280.380072    4640.042065  -4.8123287969  -1.6576941091   5.5519068072
2012/12/31 12:26:01.00000000    1527.927009    -703.154203    6819.480121  -7.2327957503  -1.5073572738   1.4619252650
2012/12/31 12:36:01.00000000   -2823.920960   -1406.781870    6276.584021  -6.7716553746  -0.7568935931  -3.2092207521
2012/12/31 12:46:01.00000000   -6050.506437   -1550.007820    3227.206118  -3.6103678550   0.2963037073  -6.6034469896
2012/12/31 12:56:01.00000000   -6863.971199   -1075.072096   -1112.431158   0.9918085776   1.2317939785  -7.3594823794
2012/12/31 13:06:01.00000000   -4943.206891    -171.760895   -5008.733119   5.1864140002   1.6749264233  -5.1801999892
2012/12/31 13:16:01.00000000   -1060.442079     799.983351   -6913.773704   7.3099158063   1.4529747210  -0.9534944765
2012/12/31 13:26:01.00000000    3242.088759    1455.337791   -6077.167395   6.5390388780   0.6562881185   3.6474050524
2012/12/31 13:36:01.00000000    6259.557710    1534.123923   -2827.805800   3.1698044620  -0.4035704518   6.8120168852
2012/12/31 13:46:01.00000000    6786.823660    1002.762151    1547.998765  -1.4752560963  -1.3067737868   7.2681266802
2012/12/31 13:56:01.00000000    4607.772622      71.533844    5304.655537  -5.5360404129  -1.6897456172   4.8195102363
2012/12/31 14:06:01.00000000     591.925341    -888.349026    6941.937424  -7.3866326068  -1.3992433470   0.4497621724
2012/12/31 14:16:01.00000000   -3659.654064   -1494.571528    5808.154171  -6.2949688094  -0.5514447534  -4.0987319058
2012/12/31 14:26:01.00000000   -6452.608584   -1505.219794    2354.323286  -2.6916403179   0.5174150225  -7.0148822423
2012/12/31 14:36:01.00000000   -6672.086310    -915.529947   -2040.958048   1.9837500917   1.3798583578  -7.1273793580
2012/12/31 14:46:01.00000000   -4235.490913      38.796886   -5622.832926   5.8549069814   1.6912404843  -4.4014384142
2012/12/31 14:56:01.00000000    -119.140980     978.022686   -6971.004007   7.3941647159   1.3320913137   0.0604313800
2012/12/31 15:06:01.00000000    4044.341336    1530.430798   -5555.088763   6.0065768479   0.4455996078   4.4986603386
2012/12/31 15:16:01.00000000    6603.639492    1476.082077   -1932.195037   2.2270550497  -0.6213688800   7.1620235419
2012/12/31 15:26:01.00000000    6533.902398     834.221318    2460.738364  -2.4530521259  -1.4443665753   6.9726696257
2012/12/31 15:36:01.00000000    3858.259590    -140.371221    5869.687558  -6.1560252706  -1.6917151809   3.9965620870
2012/12/31 15:46:01.00000000    -355.111309   -1059.165438    6933.988660  -7.4025676277  -1.2650536175  -0.5712234201
2012/12/31 15:56:01.00000000   -4426.987802   -1556.207174    5230.210134  -5.7003682672  -0.3342043480  -4.9120609975
2012/12/31 16:06:01.00000000   -6733.900241   -1432.886433    1436.550033  -1.7223917907   0.7311845579  -7.2945720917
2012/12/31 16:16:01.00000000   -6355.410159    -738.080297   -2931.770935   2.9380317315   1.5043012384  -6.7614993338
2012/12/31 16:26:01.00000000   -3448.760009     250.551834   -6132.216376   6.4140651469   1.6774192825  -3.5406374348
2012/12/31 16:36:01.00000000     824.662933    1140.197880   -6898.258824   7.3412386423   1.1863426025   1.0739577433
2012/12/31 16:46:01.00000000    4771.593822    1578.807936   -4928.790159   5.3616388985   0.2248482493   5.2670928424
2012/12/31 16:56:01.00000000    6824.417594    1390.983826    -999.730682   1.2416520663  -0.8301264209   7.3778908936
2012/12/31 17:06:01.00000000    6158.603157     649.143881    3327.676191  -3.3850606081  -1.5571581162   6.5456778887
2012/12/31 17:16:01.00000000    3036.520654    -351.639453    6324.634962  -6.6606659720  -1.6632569377   3.0982757885
2012/12/31 17:26:01.00000000   -1295.538617   -1212.439510    6795.730540  -7.2800767038  -1.1068654130  -1.5820676101
2012/12/31 17:36:01.00000000   -5111.430722   -1590.351703    4553.553537  -4.9986998018  -0.1089644881  -5.6336174125
2012/12/31 17:46:01.00000000   -6888.944605   -1334.116262     491.288988  -0.7209460520   0.9335204890  -7.4369057290
2012/12/31 17:56:01.00000000   -5919.893906    -545.886740   -3767.907038   3.8365443097   1.6026264996  -6.2688241426
2012/12/31 18:06:01.00000000   -2597.803267     459.566607   -6527.150012   6.8535098135   1.6334764795  -2.6139721361
2012/12/31 18:16:01.00000000    1753.223620    1283.327761   -6696.646045   7.1518732659   1.0181389859   2.0681930027
2012/12/31 18:26:01.00000000    5409.955125    1599.248456   -4209.830244   4.6159999348  -0.0020337786   5.9379212097
2012/12/31 18:36:01.00000000    6917.448894    1280.087866     -48.012433   0.2322908002  -1.0257691164   7.4550743004
2012/12/31 18:46:01.00000000    5667.882870     450.832585    4132.302690  -4.2534570766  -1.6426877682   5.9952130404
2012/12/31 18:56:01.00000000    2157.992476    -558.256248    6660.790902  -7.0404277297  -1.6045095889   2.1416083492
2012/12/31 19:06:01.00000000   -2211.642625   -1345.037785    6529.652586  -7.0212941429  -0.9273897124  -2.5637002331
2012/12/31 19:16:01.00000000   -5699.985920   -1595.993197    3790.961929  -4.2031420379   0.1201370838  -6.2494090849
2012/12/31 19:26:01.00000000   -6914.842564   -1210.395945    -463.397817   0.2934392331   1.1205527697  -7.4390303513
2012/12/31 19:36:01.00000000   -5373.941105    -342.292451   -4533.395196   4.6621740194   1.6727138520  -5.6588875645
2012/12/31 19:46:01.00000000   -1698.841685     661.999576   -6800.127694   7.1650843884   1.5598711562  -1.6390158035
2012/12/31 19:56:01.00000000    2648.837750    1404.552556   -6369.939548   6.8294686117   0.8301955071   3.0242413593
2012/12/31 20:06:01.00000000    5947.088787    1591.002614   -3411.939695   3.7836617292  -0.2309288350   6.4979762878
2012/12/31 20:16:01.00000000    6880.822279    1145.120824     904.551979  -0.7815064276  -1.2044880147   7.3918286527
2012/12/31 20:26:01.00000000    5071.150162     242.774827    4859.020692  -5.0414828060  -1.6990923915   5.3320084031
2012/12/31 20:36:01.00000000    1239.507030    -756.383532    6871.661035  -7.2881308394  -1.5162352937   1.1450797190
2012/12/31 20:46:01.00000000   -3085.885821   -1454.323986    6140.865220  -6.6310882355  -0.7296900958  -3.4971461377
2012/12/31 20:56:01.00000000   -6181.378014   -1572.763397    2957.203994  -3.3290073150   0.3488515862  -6.7473960078
2012/12/31 21:06:01.00000000   -6811.194553   -1063.855530   -1409.020570   1.3011553080   1.2885007410  -7.3010577030
2012/12/31 21:16:01.00000000   -4728.104669    -131.089974   -5213.594253   5.3994743606   1.7130529909  -4.9438082757
2012/12/31 21:26:01.00000000    -768.858921     853.975317   -6945.971573   7.3433175393   1.4577867323  -0.6340901778
2012/12/31 21:36:01.00000000    3494.694663    1501.381129   -5924.167730   6.3800529618   0.6258214338   3.9242626744
2012/12/31 21:46:01.00000000    6372.867338    1553.924697   -2550.053691   2.8802798472  -0.4576048909   6.9364626312
2012/12/31 21:56:01.00000000    6715.311890     988.333052    1839.982301  -1.7803321565  -1.3628371801   7.1892646455
2012/12/31 22:06:01.00000000    4379.877560      28.644730    5494.168462  -5.7341512790  -1.7252512831   4.5687872083
2012/12/31 22:16:01.00000000     298.604503    -942.524347    6953.424229  -7.3991751170  -1.4000700387   0.1275592884
2012/12/31 22:26:01.00000000   -3901.583703   -1538.396364    5636.917644  -6.1168937854  -0.5173100783  -4.3645988453
2012/12/31 22:36:01.00000000   -6546.491304   -1521.182303    2068.388629  -2.3933256162   0.5729178642  -7.1179158050
2012/12/31 22:46:01.00000000   -6580.353914    -897.299049   -2327.382305   2.2824558848   1.4343535150  -7.0260199550
2012/12/31 22:56:01.00000000   -3995.149252      83.869560   -5795.682425   6.0346571102   1.7232079916  -4.1375783757
2012/12/31 23:06:01.00000000     174.163033    1032.112300   -6962.093384   7.3850743194   1.3291592845   0.3817625384
2012/12/31 23:16:01.00000000    4274.482858    1572.173676   -5367.928672   5.8121523877   0.4087125380   4.7511637462
2012/12/31 23:26:01.00000000    6678.982189    1488.817756   -1640.718057   1.9231406621  -0.6778369085   7.2449601669
2012/12/31 23:36:01.00000000    6423.949680     812.802993    2740.400184  -2.7451591787  -1.4977661179   6.8515811004
2012/12/31 23:46:01.00000000    3606.902835    -187.381378    6025.772502  -6.3189525658  -1.7206820252   3.7201819317
2012/12/31 23:56:01.00000000    -647.552515   -1113.019750    6904.416742  -7.3719567439  -1.2581140448  -0.8923614535
2013/01/01 00:06:01.00000000   -4644.035282   -1595.451151    5026.778569  -5.4882643415  -0.2941187562  -5.1503516109
2013/01/01 00:16:01.00000000   -6788.940809   -1441.883627    1140.439175  -1.4133226048   0.7883753609  -7.3543544339
2013/01/01 00:26:01.00000000   -6226.870762    -713.370207   -3202.190204   3.2195651464   1.5556083538  -6.6193554703
2013/01/01 00:36:01.00000000   -3188.565974     299.049907   -6269.615845   6.5565522729   1.7027460735  -3.2548847740
2013/01/01 00:46:01.00000000    1113.076214    1193.312732   -6848.689609   7.2897103743   1.1758704255   1.3902115605
2013/01/01 00:56:01.00000000    4973.992387    1615.515663   -4711.838133   5.1360333115   0.1824274446   5.4896386125
2013/01/01 01:06:01.00000000    6859.971479    1396.562413    -701.232619   0.9302443827  -0.8878684332   7.4174478784
2013/01/01 01:16:01.00000000    6012.627680     621.288129    3588.624620  -3.6575453974  -1.6069604860   6.3852689325
2013/01/01 01:26:01.00000000    2767.261605    -401.796152    6443.772503  -6.7849418162  -1.6852499073   2.8025037774
2013/01/01 01:36:01.00000000   -1580.726044   -1264.929761    6725.704520  -7.2071001390  -1.0923736976  -1.8951000622
2013/01/01 01:46:01.00000000   -5298.956176   -1624.260679    4322.348437  -4.7573785168  -0.0636590500  -5.8391596111
2013/01/01 01:56:01.00000000   -6904.145764   -1335.922178     191.386575  -0.4080116763   0.9914729212  -7.4523792843
2013/01/01 02:06:01.00000000   -5757.456729    -514.980894   -4016.685912   4.0952200961   1.6499584245  -6.0892349056
2013/01/01 02:16:01.00000000   -2323.172564     510.824679   -6626.380884   6.9563010194   1.6517031803  -2.3123170691
2013/01/01 02:26:01.00000000    2031.044900    1334.662521   -6607.488855   7.0593947877   1.0001349077   2.3731716103
2013/01/01 02:36:01.00000000    5580.809601    1630.262531   -3967.356623   4.3638489591  -0.0495134211   6.1263519875
2013/01/01 02:46:01.00000000    6912.747955    1278.240702     251.756320  -0.0804934624  -1.0840129155   7.4506622808
2013/01/01 02:56:01.00000000    5488.925786     416.716938    4369.619429  -4.5011699873  -1.6882407950   5.7987174587
2013/01/01 03:06:01.00000000    1876.154123    -611.076044    6740.845661  -7.1238485321  -1.6191722599   1.8321751850
2013/01/01 03:16:01.00000000   -2484.061173   -1395.567377    6420.674294  -6.9075585667  -0.9053190705  -2.8626008336
2013/01/01 03:26:01.00000000   -5854.496721   -1624.089485    3536.538726  -3.9374584883   0.1702472291  -6.4184260711
2013/01/01 03:36:01.00000000   -6890.098993   -1204.894500    -761.409567   0.6042891109   1.1785039619  -7.4103517474
2013/01/01 03:46:01.00000000   -5180.722289    -305.523584   -4756.094425   4.8936390284   1.7154433527  -5.4455845907
2013/01/01 03:56:01.00000000   -1414.614999     715.399107   -6859.577381   7.2268868050   1.5706962331  -1.3268229134
2013/01/01 04:06:01.00000000    2911.435290    1453.430853   -6242.805142   6.6979566586   0.8047726785   3.3129001749
2013/01/01 04:16:01.00000000    6083.711310    1615.836931   -3148.079781   3.5093814758  -0.2829635945   6.6491660699
2013/01/01 04:26:01.00000000    6836.236183    1135.754171    1200.507029  -1.0902301922  -1.2624629468   7.3435739888
2013/01/01 04:36:01.00000000    4862.565325     202.784292    5068.736284  -5.2602623160  -1.7396351099   5.1028790262
2013/01/01 04:46:01.00000000     950.110908    -811.132455    6911.379607  -7.3294795815  -1.5232018010   0.8272542513
2013/01/01 04:56:01.00000000   -3340.816900   -1502.074634    5994.870993  -6.4788069629  -0.7001672461  -3.7769448380
2013/01/01 05:06:01.00000000   -6300.307340   -1594.471157    2683.867120  -3.0437064523   0.4031036984  -6.8772249047
2013/01/01 05:16:01.00000000   -6747.088227   -1050.931110   -1700.267504   1.6045957104   1.3456677468  -7.2290685219
2013/01/01 05:26:01.00000000   -4507.437335     -88.789347   -5406.762035   5.6000972172   1.7504787658  -4.7004619921
2013/01/01 05:36:01.00000000    -479.766059     908.845849   -6964.907919   7.3632312751   1.4608289041  -0.3165002308
2013/01/01 05:46:01.00000000    3737.725672    1547.060412   -5761.398845   6.2116623839   0.5931320314   4.1917690247
2013/01/01 05:56:01.00000000    6473.013717    1572.100381   -2269.494035   2.5885009281  -0.5134751977   7.0477397913
2013/01/01 06:06:01.00000000    6631.716000     971.515195    2126.852062  -2.0796215854  -1.4195084670   7.0980300821
2013/01/01 06:16:01.00000000    4145.362955     -16.557442    5672.571989  -5.9203555698  -1.7599158002   4.3111315548
2013/01/01 06:26:01.00000000       6.615841    -998.148483    6952.058878  -7.3979774504  -1.3989308084  -0.1932248251
2013/01/01 06:36:01.00000000   -4134.770632   -1582.279222    5456.274846  -5.9287786268  -0.4806228872  -4.6207078542
2013/01/01 06:46:01.00000000   -6627.898548   -1535.741175    1780.545712  -2.0931348870   0.6305608005  -7.2066019308
2013/01/01 06:56:01.00000000   -6477.857730    -876.728281   -2607.287334   2.5738702900   1.4897269054  -6.9120516788
2013/01/01 07:06:01.00000000   -3750.330618     131.297127   -5956.332298   6.2015230101   1.7543088095  -3.8680097210
2013/01/01 07:16:01.00000000     463.849718    1087.558891   -6940.218011   7.3628362993   1.3238673163   0.6999090747
2013/01/01 07:26:01.00000000    4494.332995    1613.620489   -5172.043545   5.6093193106   0.3688728018   4.9932299512
2013/01/01 07:36:01.00000000    6741.201460    1499.598471   -1348.000691   1.6185011674  -0.7367115750   7.3141578780
2013/01/01 07:46:01.00000000    6302.942096     788.397881    3013.342727  -3.0298644348  -1.5520418179   6.7186234102
2013/01/01 07:56:01.00000000    3350.708738    -237.298472    6169.766414  -6.4692300263  -1.7484809217   3.4383387408
2013/01/01 08:06:01.00000000    -936.810021   -1168.544621    6862.014177  -7.3281518678  -1.2483783322  -1.2103742740
2013/01/01 08:16:01.00000000   -4851.143102   -1634.438316    4814.758839  -5.2675595476  -0.2506006155  -5.3781320463
2013/01/01 08:26:01.00000000   -6831.133737   -1448.714169     843.304162  -1.1034845915   0.8482964615  -7.4003282839
2013/01/01 08:36:01.00000000   -6087.434548    -685.326784   -3465.697230   3.4940638363   1.6078827226  -6.4653840275
2013/01/01 08:46:01.00000000   -2923.427915     350.758737   -6394.737566   6.6868978414   1.7266872011  -2.9636354438
2013/01/01 08:56:01.00000000    1398.733452    1248.181201   -6786.019627   7.2254798394   1.1620651205   1.7036389606
2013/01/01 09:06:01.00000000    5167.013473    1651.701896   -4485.824839   4.9017806650   0.1360551250   5.7019084248
2013/01/01 09:16:01.00000000    6883.138529    1399.512439    -401.230998   0.6178703697  -0.9484287374   7.4429361127
2013/01/01 09:26:01.00000000    5856.253448     589.741225    3842.904248  -3.9226584605  -1.6573570398   6.2126632098
2013/01/01 09:36:01.00000000    2493.854147    -455.222851    6550.797526  -6.8965182626  -1.7052802733   2.5014205409
2013/01/01 09:46:01.00000000   -1862.133187   -1318.936236    6642.992304  -7.1212997332  -1.0742203124  -2.2047452643
2013/01/01 09:56:01.00000000   -5476.193843   -1657.346966    4082.726528  -4.5078192752  -0.0144717452  -6.0343375601
2013/01/01 10:06:01.00000000   -6906.283464   -1334.888428    -109.577098  -0.0942547269   1.0520663631  -7.4545271428
2013/01/01 10:16:01.00000000   -5583.731345    -480.267269   -4258.793930   4.3473086306   1.6977430620  -5.8979326169
2013/01/01 10:26:01.00000000   -2042.982523     565.385364   -6713.506206   7.0471489155   1.6678422470  -2.0048964062
2013/01/01 10:36:01.00000000    2306.706394    1387.447009   -6505.247793   6.9539459578   0.9782249891   2.6754879055
2013/01/01 10:46:01.00000000    5742.661421    1660.232048   -3715.909729   4.1027408389  -0.1010535521   6.3040748105
2013/01/01 10:56:01.00000000    6896.028273    1273.364694     552.610213  -0.3939285888  -1.1445428833   7.4316700262
2013/01/01 11:06:01.00000000    5300.269097     379.001772    4599.736266  -4.7408278063  -1.7333909795   5.5902495070
2013/01/01 11:16:01.00000000    1591.195641    -666.526585    6808.629239  -7.1942830930  -1.6311473522   1.5183482949
2013/01/01 11:26:01.00000000   -2751.702425   -1446.715339    6299.429492  -6.7813548139  -0.8794963997  -3.1572154287
2013/01/01 11:36:01.00000000   -5998.091612   -1650.605592    3274.579189  -3.6644298484   0.2237242770  -6.5765224103
2013/01/01 11:46:01.00000000   -6852.241640   -1196.203618   -1059.476791   0.9149989477   1.2382728009  -7.3684271788
2013/01/01 11:56:01.00000000   -4976.740555    -265.163525   -4971.323682   5.1175494997   1.7576262186  -5.2212274219
2013/01/01 12:06:01.00000000   -1125.859237     771.378171   -6906.718967   7.2761041849   1.5788146844  -1.0101755413
2013/01/01 12:16:01.00000000    3170.672503    1502.850843   -6103.283640   6.5535890878   0.7754723226   3.5972699276
2013/01/01 12:26:01.00000000    6210.519932    1638.954381   -2876.876055   3.2273499549  -0.3383178311   6.7883326776
2013/01/01 12:36:01.00000000    6779.845463    1123.275996    1495.458385  -1.3974752804  -1.3215891865   7.2806935693
2013/01/01 12:46:01.00000000    4645.744621     159.745297    5269.670558  -5.4692020379  -1.7788763386   4.8634223444
2013/01/01 12:56:01.00000000     659.746571    -867.585316    6938.535027  -7.3574161359  -1.5271573009   0.5074879705
2013/01/01 13:06:01.00000000   -3588.991693   -1549.544022    5837.779178  -6.3150622881  -0.6672654165  -4.0501604635
2013/01/01 13:16:01.00000000   -6407.323423   -1614.054776    2405.245657  -2.7531842630   0.4599275821  -6.9949827013
2013/01/01 13:26:01.00000000   -6670.248481   -1034.844458   -1989.080415   1.9055362953   1.4036149917  -7.1441888074
2013/01/01 13:36:01.00000000   -4277.707329     -43.498009   -5590.651174   5.7913224240   1.7865606973  -4.4479462589
2013/01/01 13:46:01.00000000    -188.556948     965.375962   -6971.151662   7.3701317766   1.4609326200   0.0028631944
